6.55556 6.77778 4.88889 6 4.22222 5.77778 5.11111 5.66667 5.22222 5.11111 
5.11111 5 3.77778 4.55556 3.55556 4.33333 4 5.11111 4.66667 4.22222 
4.22222 3.77778 3.33333 3.11111 3.11111 3.66667 3.66667 4.88889 3.88889 3.66667 
3.88889 3.33333 3.66667 2.88889 3.66667 3 3.33333 4.22222 4.22222 3.77778 
5.77778 4.77778 5 4.11111 4.55556 3.88889 4.22222 4.66667 4.88889 4.77778 
5.44444 4.44444 5.11111 5 5 4 3.77778 4.44444 5.44444 6 
4.77778 3.77778 4.11111 4.44444 4.66667 5.22222 5.22222 5.88889 6.22222 6.66667 
4.66667 4.22222 4.22222 4.44444 4.22222 4.77778 4.88889 6 6.77778 7.77778 
4.44444 4.88889 4.77778 4.33333 3.77778 4.11111 5.55556 6.77778 7 6.33333 
3.77778 5.33333 5.44444 4.44444 2.88889 2.55556 4.88889 6.33333 6.33333 4.66667 
