2 -1
37 -1
3 -1
4 -1
37 -1
5 -1
37 -1
6 -1
22 -1
10 -1
37 -1
0 0
30 -1
7 -1
37 -1
0 1
31 -1
37 -1
32 -1
7 -1
37 -1
0 2
37 -1
34 -1
37 -1
1 0
22 -1
26 -1
37 -1
30 -1
0 1
37 -1
18 -1
37 -1
1 0
31 -1
37 -1
32 -1
0 1
37 -1
34 -1
37 -1
0 1
37 -1
12 -1
37 -1
1 1
22 -1
7 -1
37 -1
0 3
22 -1
27 -1
37 -1
36 -1
37 -1
0 3
22 -1
0 2
37 -1
34 -1
37 -1
0 2
37 -1
11 -1
37 -1
0 3
22 -1
33 -1
38 -1
37 -1
30 -1
0 2
31 -1
37 -1
39 -1
28 -1
37 -1
35 -1
37 -1
0 2
22 -1
40 -1
22 -1
28 -1
37 -1
35 -1
37 -1
0 2
22 -1
33 -1
7 -1
37 -1
0 -1
30 -1
31 -1
37 -1
32 -1
7 -1
37 -1
0 1
37 -1
34 -1
37 -1
1 2
22 -1
0 0
30 -1
0 1
31 -1
22 -1
29 -1
37 -1
1 0
22 -1
33 -1
